wp0[0,0,0]
wp1[1,0,0]
wp2[2,0,0]
wp3[3,0,0]
wp4[4,0,0]
wp5[5,0,0]
wp6[6,0,0]
wp7[7,0,0]
wp8[8,0,0]
wp9[9,0,0]
wp10[10,0,0]
wp11[0,1,0]
wp12[1,1,0]
wp13[2,1,0]
wp14[3,1,0]
wp15[4,1,0]
wp16[5,1,0]
wp17[6,1,0]
wp18[7,1,0]
wp19[8,1,0]
wp20[9,1,0]
wp21[10,1,0]
wp22[0,2,0]
wp23[1,2,0]
wp24[2,2,0]
wp25[3,2,0]
wp26[4,2,0]
wp27[5,2,0]
wp28[6,2,0]
wp29[7,2,0]
wp30[8,2,0]
wp31[9,2,0]
wp32[10,2,0]
wp33[0,3,0]
wp34[1,3,0]
wp35[2,3,0]
wp36[3,3,0]
wp37[4,3,0]
wp38[5,3,0]
wp39[6,3,0]
wp40[7,3,0]
wp41[8,3,0]
wp42[9,3,0]
wp43[10,3,0]
wp44[0,4,0]
wp45[1,4,0]
wp46[2,4,0]
wp47[3,4,0]
wp48[4,4,0]
wp49[5,4,0]
wp50[6,4,0]
wp51[7,4,0]
wp52[8,4,0]
wp53[9,4,0]
wp54[10,4,0]
wp55[0,5,0]
wp56[1,5,0]
wp57[2,5,0]
wp58[3,5,0]
wp59[4,5,0]
wp60[5,5,0]
wp61[6,5,0]
wp62[7,5,0]
wp63[8,5,0]
wp64[9,5,0]
wp65[10,5,0]